version https://git-lfs.github.com/spec/v1
oid sha256:802a853e453813f42d0f641360e4186f2325ff90030d35de73499c0bfe7d253f
size 225154
